1,4,20110130,1,20110130,20110130
1,4,20110131,1,20110131,20110131
1,4,20110201,1,20110201,20110205
1,4,20110201,1,20110202,20110205
1,4,20110201,1,20110203,20110205
1,4,20110204,1,20110204,20110204
1,4,20110205,1,20110205,20110205
1,4,20110206,1,20110206,20110206
1,4,20110205,1,20110207,20110211
1,4,20110205,1,20110208,20110211
1,4,20110205,1,20110209,20110211
1,4,20110210,1,20110210,20110210
1,4,20110130,2,20110130,20110130
1,4,20110131,2,20110131,20110131
1,4,20110201,2,20110201,20110205
1,4,20110201,2,20110202,20110205
1,4,20110201,2,20110203,20110205
1,4,20110204,2,20110204,20110204
1,4,20110205,2,20110205,20110205
1,4,20110206,2,20110206,20110206
1,4,20110205,2,20110207,20110211
1,4,20110205,2,20110208,20110211
1,4,20110205,2,20110209,20110211
1,4,20110210,2,20110210,20110210
1,4,20110130,3,20110130,20110130
1,4,20110131,3,20110131,20110131
1,4,20110201,3,20110201,20110205
1,4,20110201,3,20110202,20110205
1,4,20110201,3,20110203,20110205
1,4,20110204,3,20110204,20110204
1,4,20110205,3,20110205,20110205
1,4,20110206,3,20110206,20110206
1,4,20110205,3,20110207,20110211
1,4,20110205,3,20110208,20110211
1,4,20110205,3,20110209,20110211
1,4,20110210,3,20110210,20110210
1,5,20110130,1,20110130,20110130
1,5,20110131,1,20110131,20110131
1,5,20110201,1,20110201,20110205
1,5,20110201,1,20110202,20110205
1,5,20110201,1,20110203,20110205
1,5,20110204,1,20110204,20110204
1,5,20110205,1,20110205,20110205
1,5,20110206,1,20110206,20110206
1,5,20110205,1,20110207,20110211
1,5,20110205,1,20110208,20110211
1,5,20110205,1,20110209,20110211
1,5,20110210,1,20110210,20110210
1,5,20110130,2,20110130,20110130
1,5,20110131,2,20110131,20110131
1,5,20110201,2,20110201,20110205
1,5,20110201,2,20110202,20110205
1,5,20110201,2,20110203,20110205
1,5,20110204,2,20110204,20110204
1,5,20110205,2,20110205,20110205
1,5,20110206,2,20110206,20110206
1,5,20110205,2,20110207,20110211
1,5,20110205,2,20110208,20110211
1,5,20110205,2,20110209,20110211
1,5,20110210,2,20110210,20110210
1,5,20110130,3,20110130,20110130
1,5,20110131,3,20110131,20110131
1,5,20110201,3,20110201,20110205
1,5,20110201,3,20110202,20110205
1,5,20110201,3,20110203,20110205
1,5,20110204,3,20110204,20110204
1,5,20110205,3,20110205,20110205
1,5,20110206,3,20110206,20110206
1,5,20110205,3,20110207,20110211
1,5,20110205,3,20110208,20110211
1,5,20110205,3,20110209,20110211
1,5,20110210,3,20110210,20110210
1,6,20110130,1,20110130,20110130
1,6,20110131,1,20110131,20110131
1,6,20110201,1,20110201,20110205
1,6,20110201,1,20110202,20110205
1,6,20110201,1,20110203,20110205
1,6,20110204,1,20110204,20110204
1,6,20110205,1,20110205,20110205
1,6,20110206,1,20110206,20110206
1,6,20110205,1,20110207,20110211
1,6,20110205,1,20110208,20110211
1,6,20110205,1,20110209,20110211
1,6,20110210,1,20110210,20110210
1,6,20110130,2,20110130,20110130
1,6,20110131,2,20110131,20110131
1,6,20110201,2,20110201,20110205
1,6,20110201,2,20110202,20110205
1,6,20110201,2,20110203,20110205
1,6,20110204,2,20110204,20110204
1,6,20110205,2,20110205,20110205
1,6,20110206,2,20110206,20110206
1,6,20110205,2,20110207,20110211
1,6,20110205,2,20110208,20110211
1,6,20110205,2,20110209,20110211
1,6,20110210,2,20110210,20110210
1,6,20110130,3,20110130,20110130
1,6,20110131,3,20110131,20110131
1,6,20110201,3,20110201,20110205
1,6,20110201,3,20110202,20110205
1,6,20110201,3,20110203,20110205
1,6,20110204,3,20110204,20110204
1,6,20110205,3,20110205,20110205
1,6,20110206,3,20110206,20110206
1,6,20110205,3,20110207,20110211
1,6,20110205,3,20110208,20110211
1,6,20110205,3,20110209,20110211
1,6,20110210,3,20110210,20110210
2,4,20110130,1,20110130,20110130
2,4,20110131,1,20110131,20110131
2,4,20110201,1,20110201,20110205
2,4,20110201,1,20110202,20110205
2,4,20110201,1,20110203,20110205
2,4,20110204,1,20110204,20110204
2,4,20110205,1,20110205,20110205
2,4,20110206,1,20110206,20110206
2,4,20110205,1,20110207,20110211
2,4,20110205,1,20110208,20110211
2,4,20110205,1,20110209,20110211
2,4,20110210,1,20110210,20110210
2,4,20110130,2,20110130,20110130
2,4,20110131,2,20110131,20110131
2,4,20110201,2,20110201,20110205
2,4,20110201,2,20110202,20110205
2,4,20110201,2,20110203,20110205
2,4,20110204,2,20110204,20110204
2,4,20110205,2,20110205,20110205
2,4,20110206,2,20110206,20110206
2,4,20110205,2,20110207,20110211
2,4,20110205,2,20110208,20110211
2,4,20110205,2,20110209,20110211
2,4,20110210,2,20110210,20110210
2,4,20110130,3,20110130,20110130
2,4,20110131,3,20110131,20110131
2,4,20110201,3,20110201,20110205
2,4,20110201,3,20110202,20110205
2,4,20110201,3,20110203,20110205
2,4,20110204,3,20110204,20110204
2,4,20110205,3,20110205,20110205
2,4,20110206,3,20110206,20110206
2,4,20110205,3,20110207,20110211
2,4,20110205,3,20110208,20110211
2,4,20110205,3,20110209,20110211
2,4,20110210,3,20110210,20110210
2,5,20110130,1,20110130,20110130
2,5,20110131,1,20110131,20110131
2,5,20110201,1,20110201,20110205
2,5,20110201,1,20110202,20110205
2,5,20110201,1,20110203,20110205
2,5,20110204,1,20110204,20110204
2,5,20110205,1,20110205,20110205
2,5,20110206,1,20110206,20110206
2,5,20110205,1,20110207,20110211
2,5,20110205,1,20110208,20110211
2,5,20110205,1,20110209,20110211
2,5,20110210,1,20110210,20110210
2,5,20110130,2,20110130,20110130
2,5,20110131,2,20110131,20110131
2,5,20110201,2,20110201,20110205
2,5,20110201,2,20110202,20110205
2,5,20110201,2,20110203,20110205
2,5,20110204,2,20110204,20110204
2,5,20110205,2,20110205,20110205
2,5,20110206,2,20110206,20110206
2,5,20110205,2,20110207,20110211
2,5,20110205,2,20110208,20110211
2,5,20110205,2,20110209,20110211
2,5,20110210,2,20110210,20110210
2,5,20110130,3,20110130,20110130
2,5,20110131,3,20110131,20110131
2,5,20110201,3,20110201,20110205
2,5,20110201,3,20110202,20110205
2,5,20110201,3,20110203,20110205
2,5,20110204,3,20110204,20110204
2,5,20110205,3,20110205,20110205
2,5,20110206,3,20110206,20110206
2,5,20110205,3,20110207,20110211
2,5,20110205,3,20110208,20110211
2,5,20110205,3,20110209,20110211
2,5,20110210,3,20110210,20110210
2,6,20110130,1,20110130,20110130
2,6,20110131,1,20110131,20110131
2,6,20110201,1,20110201,20110205
2,6,20110201,1,20110202,20110205
2,6,20110201,1,20110203,20110205
2,6,20110204,1,20110204,20110204
2,6,20110205,1,20110205,20110205
2,6,20110206,1,20110206,20110206
2,6,20110205,1,20110207,20110211
2,6,20110205,1,20110208,20110211
2,6,20110205,1,20110209,20110211
2,6,20110210,1,20110210,20110210
2,6,20110130,2,20110130,20110130
2,6,20110131,2,20110131,20110131
2,6,20110201,2,20110201,20110205
2,6,20110201,2,20110202,20110205
2,6,20110201,2,20110203,20110205
2,6,20110204,2,20110204,20110204
2,6,20110205,2,20110205,20110205
2,6,20110206,2,20110206,20110206
2,6,20110205,2,20110207,20110211
2,6,20110205,2,20110208,20110211
2,6,20110205,2,20110209,20110211
2,6,20110210,2,20110210,20110210
2,6,20110130,3,20110130,20110130
2,6,20110131,3,20110131,20110131
2,6,20110201,3,20110201,20110205
2,6,20110201,3,20110202,20110205
2,6,20110201,3,20110203,20110205
2,6,20110204,3,20110204,20110204
2,6,20110205,3,20110205,20110205
2,6,20110206,3,20110206,20110206
2,6,20110205,3,20110207,20110211
2,6,20110205,3,20110208,20110211
2,6,20110205,3,20110209,20110211
2,6,20110210,3,20110210,20110210
3,4,20110130,1,20110130,20110130
3,4,20110131,1,20110131,20110131
3,4,20110201,1,20110201,20110205
3,4,20110201,1,20110202,20110205
3,4,20110201,1,20110203,20110205
3,4,20110204,1,20110204,20110204
3,4,20110205,1,20110205,20110205
3,4,20110206,1,20110206,20110206
3,4,20110205,1,20110207,20110211
3,4,20110205,1,20110208,20110211
3,4,20110205,1,20110209,20110211
3,4,20110210,1,20110210,20110210
3,4,20110130,2,20110130,20110130
3,4,20110131,2,20110131,20110131
3,4,20110201,2,20110201,20110205
3,4,20110201,2,20110202,20110205
3,4,20110201,2,20110203,20110205
3,4,20110204,2,20110204,20110204
3,4,20110205,2,20110205,20110205
3,4,20110206,2,20110206,20110206
3,4,20110205,2,20110207,20110211
3,4,20110205,2,20110208,20110211
3,4,20110205,2,20110209,20110211
3,4,20110210,2,20110210,20110210
3,4,20110130,3,20110130,20110130
3,4,20110131,3,20110131,20110131
3,4,20110201,3,20110201,20110205
3,4,20110201,3,20110202,20110205
3,4,20110201,3,20110203,20110205
3,4,20110204,3,20110204,20110204
3,4,20110205,3,20110205,20110205
3,4,20110206,3,20110206,20110206
3,4,20110205,3,20110207,20110211
3,4,20110205,3,20110208,20110211
3,4,20110205,3,20110209,20110211
3,4,20110210,3,20110210,20110210
3,5,20110130,1,20110130,20110130
3,5,20110131,1,20110131,20110131
3,5,20110201,1,20110201,20110205
3,5,20110201,1,20110202,20110205
3,5,20110201,1,20110203,20110205
3,5,20110204,1,20110204,20110204
3,5,20110205,1,20110205,20110205
3,5,20110206,1,20110206,20110206
3,5,20110205,1,20110207,20110211
3,5,20110205,1,20110208,20110211
3,5,20110205,1,20110209,20110211
3,5,20110210,1,20110210,20110210
3,5,20110130,2,20110130,20110130
3,5,20110131,2,20110131,20110131
3,5,20110201,2,20110201,20110205
3,5,20110201,2,20110202,20110205
3,5,20110201,2,20110203,20110205
3,5,20110204,2,20110204,20110204
3,5,20110205,2,20110205,20110205
3,5,20110206,2,20110206,20110206
3,5,20110205,2,20110207,20110211
3,5,20110205,2,20110208,20110211
3,5,20110205,2,20110209,20110211
3,5,20110210,2,20110210,20110210
3,5,20110130,3,20110130,20110130
3,5,20110131,3,20110131,20110131
3,5,20110201,3,20110201,20110205
3,5,20110201,3,20110202,20110205
3,5,20110201,3,20110203,20110205
3,5,20110204,3,20110204,20110204
3,5,20110205,3,20110205,20110205
3,5,20110206,3,20110206,20110206
3,5,20110205,3,20110207,20110211
3,5,20110205,3,20110208,20110211
3,5,20110205,3,20110209,20110211
3,5,20110210,3,20110210,20110210
3,6,20110130,1,20110130,20110130
3,6,20110131,1,20110131,20110131
3,6,20110201,1,20110201,20110205
3,6,20110201,1,20110202,20110205
3,6,20110201,1,20110203,20110205
3,6,20110204,1,20110204,20110204
3,6,20110205,1,20110205,20110205
3,6,20110206,1,20110206,20110206
3,6,20110205,1,20110207,20110211
3,6,20110205,1,20110208,20110211
3,6,20110205,1,20110209,20110211
3,6,20110210,1,20110210,20110210
3,6,20110130,2,20110130,20110130
3,6,20110131,2,20110131,20110131
3,6,20110201,2,20110201,20110205
3,6,20110201,2,20110202,20110205
3,6,20110201,2,20110203,20110205
3,6,20110204,2,20110204,20110204
3,6,20110205,2,20110205,20110205
3,6,20110206,2,20110206,20110206
3,6,20110205,2,20110207,20110211
3,6,20110205,2,20110208,20110211
3,6,20110205,2,20110209,20110211
3,6,20110210,2,20110210,20110210
3,6,20110130,3,20110130,20110130
3,6,20110131,3,20110131,20110131
3,6,20110201,3,20110201,20110205
3,6,20110201,3,20110202,20110205
3,6,20110201,3,20110203,20110205
3,6,20110204,3,20110204,20110204
3,6,20110205,3,20110205,20110205
3,6,20110206,3,20110206,20110206
3,6,20110205,3,20110207,20110211
3,6,20110205,3,20110208,20110211
3,6,20110205,3,20110209,20110211
3,6,20110210,3,20110210,20110210
